{"autoClear":true,"clearColor":[0.0509,0.0509,0.0509],"ambientColor":[0,0,0],"gravity":[0,-9.81,0],
"materials":[],
"multiMaterials":[],
"skeletons":[{"name":"Armature","id":0,"bones":[
{"name":"Bone","index":0,"matrix":[0,-1,0,0,0.698,0,0.7161,0,0.7161,0,-0.698,0,0,0,0,1],"parentBoneIndex":-1,"animation":{"dataType":3,"framePerSecond":24,"keys":[{"frame":1,"values":[0,-1,0,0,0.6958,0,0.7182,0,0.7182,0,-0.6958,0,0,0,0,1]},{"frame":2,"values":[0,-1,0,0,0.6892,0,0.7246,0,0.7246,0,-0.6892,0,0,0,0,1]},{"frame":3,"values":[0,-1,0,0,0.6779,0,0.7351,0,0.7351,0,-0.6779,0,0,0,0,1]},{"frame":4,"values":[0,-1,0,0,0.6618,0,0.7497,0,0.7497,0,-0.6618,0,0,0,0,1]},{"frame":5,"values":[0,-1,0,0,0.6403,0,0.7681,0,0.7681,0,-0.6403,0,0,0,0,1]},{"frame":6,"values":[0,-1,0,0,0.6133,0,0.7899,0,0.7899,0,-0.6133,0,0,0,0,1]},{"frame":7,"values":[0,-1,0,0,0.5802,0,0.8145,0,0.8145,0,-0.5802,0,0,0,0,1]},{"frame":8,"values":[0,-1,0,0,0.5409,0,0.8411,0,0.8411,0,-0.5409,0,0,0,0,1]},{"frame":9,"values":[0,-1,0,0,0.4951,0,0.8689,0,0.8689,0,-0.4951,0,0,0,0,1]},{"frame":10,"values":[0,-1,0,0,0.4427,0,0.8967,0,0.8967,0,-0.4427,0,0,0,0,1]},{"frame":11,"values":[0,-1,0,0,0.3841,0,0.9233,0,0.9233,0,-0.3841,0,0,0,0,1]},{"frame":12,"values":[0,-1,0,0,0.3197,0,0.9475,0,0.9475,0,-0.3197,0,0,0,0,1]},{"frame":13,"values":[0,-1,0,0,0.2504,0,0.9681,0,0.9681,0,-0.2504,0,0,0,0,1]},{"frame":14,"values":[0,-1,0,0,0.1775,0,0.9841,0,0.9841,0,-0.1775,0,0,0,0,1]},{"frame":15,"values":[0,-1,0,0,0.1023,0,0.9948,0,0.9948,0,-0.1023,0,0,0,0,1]},{"frame":16,"values":[0,-1,0,0,0.0265,0,0.9996,0,0.9996,0,-0.0265,0,0,0,0,1]},{"frame":17,"values":[0,-1,0,0,-0.0482,0,0.9988,0,0.9988,0,0.0482,0,0,0,0,1]},{"frame":18,"values":[0,-1,0,0,-0.1202,0,0.9927,0,0.9927,0,0.1202,0,0,0,0,1]},{"frame":19,"values":[0,-1,0,0,-0.1882,0,0.9821,0,0.9821,0,0.1882,0,0,0,0,1]},{"frame":20,"values":[0,-1,0,0,-0.251,0,0.968,0,0.968,0,0.251,0,0,0,0,1]},{"frame":21,"values":[0,-1,0,0,-0.3079,0,0.9514,0,0.9514,0,0.3079,0,0,0,0,1]},{"frame":22,"values":[0,-1,0,0,-0.3584,0,0.9336,0,0.9336,0,0.3584,0,0,0,0,1]},{"frame":23,"values":[0,-1,0,0,-0.4023,0,0.9155,0,0.9155,0,0.4023,0,0,0,0,1]},{"frame":24,"values":[0,-1,0,0,-0.4397,0,0.8982,0,0.8982,0,0.4397,0,0,0,0,1]},{"frame":25,"values":[0,-1,0,0,-0.4706,0,0.8823,0,0.8823,0,0.4706,0,0,0,0,1]},{"frame":26,"values":[0,-1,0,0,-0.4953,0,0.8687,0,0.8687,0,0.4953,0,0,0,0,1]},{"frame":27,"values":[0,-1,0,0,-0.5142,0,0.8577,0,0.8577,0,0.5142,0,0,0,0,1]},{"frame":28,"values":[0,-1,0,0,-0.5274,0,0.8496,0,0.8496,0,0.5274,0,0,0,0,1]},{"frame":29,"values":[0,-1,0,0,-0.5351,0,0.8448,0,0.8448,0,0.5351,0,0,0,0,1]},{"frame":30,"values":[0,-1,0,0,-0.5377,0,0.8431,0,0.8431,0,0.5377,0,0,0,0,1]}],"loopBehavior":1,"name":"anim","property":"_matrix"}},
{"name":"Bone.001","index":1,"matrix":[0,-1,0,0,0.7045,0,-0.7097,0,-0.7097,0,-0.7045,0,0,0,0,1],"parentBoneIndex":-1,"animation":{"dataType":3,"framePerSecond":24,"keys":[{"frame":1,"values":[0,-1,0,0,0.7045,0,-0.7097,0,-0.7097,0,-0.7045,0,0,0,0,1]},{"frame":2,"values":[0,-1,0,0,0.6979,0,-0.7162,0,-0.7162,0,-0.6979,0,0,0,0,1]},{"frame":3,"values":[0,-1,0,0,0.6867,0,-0.7269,0,-0.7269,0,-0.6867,0,0,0,0,1]},{"frame":4,"values":[0,-1,0,0,0.6707,0,-0.7417,0,-0.7417,0,-0.6707,0,0,0,0,1]},{"frame":5,"values":[0,-1,0,0,0.6494,0,-0.7604,0,-0.7604,0,-0.6494,0,0,0,0,1]},{"frame":6,"values":[0,-1,0,0,0.6226,0,-0.7826,0,-0.7826,0,-0.6226,0,0,0,0,1]},{"frame":7,"values":[0,-1,0,0,0.5897,0,-0.8076,0,-0.8076,0,-0.5897,0,0,0,0,1]},{"frame":8,"values":[0,-1,0,0,0.5506,0,-0.8348,0,-0.8348,0,-0.5506,0,0,0,0,1]},{"frame":9,"values":[0,-1,0,0,0.505,0,-0.8631,0,-0.8631,0,-0.505,0,0,0,0,1]},{"frame":10,"values":[0,-1,0,0,0.4528,0,-0.8916,0,-0.8916,0,-0.4528,0,0,0,0,1]},{"frame":11,"values":[0,-1,0,0,0.3944,0,-0.919,0,-0.919,0,-0.3944,0,0,0,0,1]},{"frame":12,"values":[0,-1,0,0,0.3301,0,-0.944,0,-0.944,0,-0.3301,0,0,0,0,1]},{"frame":13,"values":[0,-1,0,0,0.2608,0,-0.9654,0,-0.9654,0,-0.2608,0,0,0,0,1]},{"frame":14,"values":[0,-1,0,0,0.1879,0,-0.9822,0,-0.9822,0,-0.1879,0,0,0,0,1]},{"frame":15,"values":[0,-1,0,0,0.1126,0,-0.9936,0,-0.9936,0,-0.1126,0,0,0,0,1]},{"frame":16,"values":[0,-1,0,0,0.0366,0,-0.9993,0,-0.9993,0,-0.0366,0,0,0,0,1]},{"frame":17,"values":[0,-1,0,0,-0.0383,0,-0.9993,0,-0.9993,0,0.0383,0,0,0,0,1]},{"frame":18,"values":[0,-1,0,0,-0.1106,0,-0.9939,0,-0.9939,0,0.1106,0,0,0,0,1]},{"frame":19,"values":[0,-1,0,0,-0.1788,0,-0.9839,0,-0.9839,0,0.1788,0,0,0,0,1]},{"frame":20,"values":[0,-1,0,0,-0.2419,0,-0.9703,0,-0.9703,0,0.2419,0,0,0,0,1]},{"frame":21,"values":[0,-1,0,0,-0.2991,0,-0.9542,0,-0.9542,0,0.2991,0,0,0,0,1]},{"frame":22,"values":[0,-1,0,0,-0.3499,0,-0.9368,0,-0.9368,0,0.3499,0,0,0,0,1]},{"frame":23,"values":[0,-1,0,0,-0.3941,0,-0.9191,0,-0.9191,0,0.3941,0,0,0,0,1]},{"frame":24,"values":[0,-1,0,0,-0.4317,0,-0.902,0,-0.902,0,0.4317,0,0,0,0,1]},{"frame":25,"values":[0,-1,0,0,-0.4629,0,-0.8864,0,-0.8864,0,0.4629,0,0,0,0,1]},{"frame":26,"values":[0,-1,0,0,-0.4878,0,-0.873,0,-0.873,0,0.4878,0,0,0,0,1]},{"frame":27,"values":[0,-1,0,0,-0.5067,0,-0.8621,0,-0.8621,0,0.5067,0,0,0,0,1]},{"frame":28,"values":[0,-1,0,0,-0.52,0,-0.8542,0,-0.8542,0,0.52,0,0,0,0,1]},{"frame":29,"values":[0,-1,0,0,-0.5279,0,-0.8493,0,-0.8493,0,0.5279,0,0,0,0,1]},{"frame":30,"values":[0,-1,0,0,-0.5304,0,-0.8477,0,-0.8477,0,0.5304,0,0,0,0,1]}],"loopBehavior":1,"name":"anim","property":"_matrix"}},
{"name":"Bone.002","index":2,"matrix":[0,-1,0,0,-1,0,0,0,0,0,1,0,0,0,0,1],"parentBoneIndex":-1,"animation":{"dataType":3,"framePerSecond":24,"keys":[{"frame":1,"values":[0,-1,0,0,-1,0,0,0,0,0,1,0,0,0,0,1]},{"frame":30,"values":[0,-1,0,0,-1,0,0,0,0,0,1,0,0,0,0,1]}],"loopBehavior":1,"name":"anim","property":"_matrix"}},
{"name":"Bone.003","index":3,"matrix":[0,0,-1,0,1,0,0,0,0,1,0,0,0.0014,0,0,1],"parentBoneIndex":-1,"animation":{"dataType":3,"framePerSecond":24,"keys":[{"frame":1,"values":[0,0,-1,0,1,0,0,0,0,1,0,0,0.0014,0,0,1]},{"frame":2,"values":[0,0,-1,0,1,0,0,0,0,1,0,0,0.0058,0,0,1]},{"frame":3,"values":[0,0,-1,0,1,0,0,0,0,1,0,0,0.013,0,0,1]},{"frame":4,"values":[0,0,-1,0,1,0,0,0,0,1,0,0,0.0232,0,0,1]},{"frame":5,"values":[0,0,-1,0,1,0,0,0,0,1,0,0,0.0362,0,0,1]},{"frame":6,"values":[0,0,-1,0,1,0,0,0,0,1,0,0,0.0521,0,0,1]},{"frame":7,"values":[0,0,-1,0,1,0,0,0,0,1,0,0,0.0707,0,0,1]},{"frame":8,"values":[0,0,-1,0,1,0,0,0,0,1,0,0,0.092,0,0,1]},{"frame":9,"values":[0,0,-1,0,1,0,0,0,0,1,0,0,0.1157,0,0,1]},{"frame":10,"values":[0,0,-1,0,1,0,0,0,0,1,0,0,0.1416,0,0,1]},{"frame":11,"values":[0,0,-1,0,1,0,0,0,0,1,0,0,0.1694,0,0,1]},{"frame":12,"values":[0,0,-1,0,1,0,0,0,0,1,0,0,0.1988,0,0,1]},{"frame":13,"values":[0,0,-1,0,1,0,0,0,0,1,0,0,0.2295,0,0,1]},{"frame":14,"values":[0,0,-1,0,1,0,0,0,0,1,0,0,0.2611,0,0,1]},{"frame":15,"values":[0,0,-1,0,1,0,0,0,0,1,0,0,0.2931,0,0,1]},{"frame":16,"values":[0,0,-1,0,1,0,0,0,0,1,0,0,0.325,0,0,1]},{"frame":17,"values":[0,0,-1,0,1,0,0,0,0,1,0,0,0.3566,0,0,1]},{"frame":18,"values":[0,0,-1,0,1,0,0,0,0,1,0,0,0.3873,0,0,1]},{"frame":19,"values":[0,0,-1,0,1,0,0,0,0,1,0,0,0.4167,0,0,1]},{"frame":20,"values":[0,0,-1,0,1,0,0,0,0,1,0,0,0.4445,0,0,1]},{"frame":21,"values":[0,0,-1,0,1,0,0,0,0,1,0,0,0.4704,0,0,1]},{"frame":22,"values":[0,0,-1,0,1,0,0,0,0,1,0,0,0.4941,0,0,1]},{"frame":23,"values":[0,0,-1,0,1,0,0,0,0,1,0,0,0.5154,0,0,1]},{"frame":24,"values":[0,0,-1,0,1,0,0,0,0,1,0,0,0.534,0,0,1]},{"frame":25,"values":[0,0,-1,0,1,0,0,0,0,1,0,0,0.5499,0,0,1]},{"frame":26,"values":[0,0,-1,0,1,0,0,0,0,1,0,0,0.563,0,0,1]},{"frame":27,"values":[0,0,-1,0,1,0,0,0,0,1,0,0,0.5731,0,0,1]},{"frame":28,"values":[0,0,-1,0,1,0,0,0,0,1,0,0,0.5804,0,0,1]},{"frame":29,"values":[0,0,-1,0,1,0,0,0,0,1,0,0,0.5847,0,0,1]},{"frame":30,"values":[0,0,-1,0,1,0,0,0,0,1,0,0,0.5861,0,0,1]}],"loopBehavior":1,"name":"anim","property":"_matrix"}}]}],
"meshes":[{"name":"pip","id":"pip","billboardMode":0,"position":[0,0,0],"rotation":[0,0,0],"scaling":[1,1,1],"isVisible":true,"freezeWorldMatrix":false,"isEnabled":true,"useFlatShading":false,"checkCollisions":false,"receiveShadows":false,"skeletonId":0
,"positions":[0.6363,-0.6364,-0.0024,0.4486,-0.6364,-0.4518,0.2427,-0.8315,-0.2447,0.8999,0,-0.0032,0.6344,0,-0.6388,0.5861,-0.3444,-0.5902,0.6363,0.6364,-0.0024,0.4486,0.6364,-0.4518,0.5861,0.3444,-0.5902,0.8314,-0.3444,-0.003,0.5861,-0.3444,-0.5902,0.4486,-0.6364,-0.4518,0.8314,0.3444,-0.003,0.5861,0.3444,-0.5902,0.6344,0,-0.6388,0.6363,0.6364,-0.0024,0.3443,0.8315,-0.0015,0.2427,0.8315,-0.2447,0.6344,0,-0.6388,-0.0028,0,-0.9004,-0.0026,-0.3444,-0.8319,0.4486,0.6364,-0.4518,-0.002,0.6364,-0.6368,-0.0026,0.3444,-0.8319,0.4486,-0.6364,-0.4518,0.5861,-0.3444,-0.5902,-0.0026,-0.3444,-0.8319,0.5861,0.3444,-0.5902,-0.0026,0.3444,-0.8319,-0.0028,0,-0.9004,0.2427,0.8315,-0.2447,-0.0011,0.8315,-0.3448,-0.002,0.6364,-0.6368,0.4486,-0.6364,-0.4518,-0.002,-0.6364,-0.6368,-0.0011,-0.8315,-0.3448,0.3443,0.8315,-0.0015,-0.0001,0.9,-0.0004,0.2427,0.8315,-0.2447,-0.0001,-0.9,-0.0004,0.3443,-0.8315,-0.0015,0.2427,-0.8315,-0.2447,0.2427,0.8315,-0.2447,-0.0001,0.9,-0.0004,-0.0011,0.8315,-0.3448,-0.0001,-0.9,-0.0004,0.2427,-0.8315,-0.2447,-0.0011,-0.8315,-0.3448,0.4393,-0.6241,-0.4425,0.6237,-0.6246,-0.0061,0.3368,-0.8154,-0.0073,0.6217,0,-0.626,0.8833,0,-0.0052,0.8158,-0.3383,-0.0054,0.5743,0.3378,-0.5783,0.4393,0.6241,-0.4425,0.6237,0.6246,-0.0061,0.5743,-0.3378,-0.5783,0.8158,-0.3383,-0.0054,0.6237,-0.6246,-0.0061,0.6217,0,-0.626,0.5743,0.3378,-0.5783,0.8158,0.3383,-0.0054,0.4393,0.6241,-0.4425,0.2374,0.8152,-0.2393,0.3368,0.8154,-0.0073,0,-0.3383,-0.8163,-0.0007,0,-0.8838,0.6217,0,-0.626,0.0018,0.6246,-0.6243,0.4393,0.6241,-0.4425,0.5743,0.3378,-0.5783,0.0018,-0.6246,-0.6243,0,-0.3383,-0.8163,0.5743,-0.3378,-0.5783,0,0.3383,-0.8163,0.5743,0.3378,-0.5783,0.6217,0,-0.626,0.0048,0.8154,-0.3374,0.2374,0.8152,-0.2393,0.4393,0.6241,-0.4425,0.0048,-0.8154,-0.3374,0.0018,-0.6246,-0.6243,0.4393,-0.6241,-0.4425,0.2374,0.8152,-0.2393,0.0064,0.8823,-0.007,0.3368,0.8154,-0.0073,0.2374,-0.8152,-0.2393,0.3368,-0.8154,-0.0073,0.0064,-0.8823,-0.007,0.0048,0.8154,-0.3374,0.0064,0.8823,-0.007,0.2374,0.8152,-0.2393,0.0048,-0.8154,-0.3374,0.2374,-0.8152,-0.2393,0.0064,-0.8823,-0.007,0.3443,0.8315,-0.0015,0.6363,0.6364,-0.0024,0.6237,0.6246,-0.0061,0.6363,0.6364,-0.0024,0.8314,0.3444,-0.003,0.8158,0.3383,-0.0054,0.8314,0.3444,-0.003,0.8999,0,-0.0032,0.8833,0,-0.0052,0.8314,-0.3444,-0.003,0.8158,-0.3383,-0.0054,0.8833,0,-0.0052,0.6363,-0.6364,-0.0024,0.6237,-0.6246,-0.0061,0.8158,-0.3383,-0.0054,0.3443,-0.8315,-0.0015,0.3368,-0.8154,-0.0073,0.6237,-0.6246,-0.0061,0.3443,-0.8315,-0.0015,-0.0001,-0.9,-0.0004,0.0064,-0.8823,-0.007,-0.0011,0.8315,-0.3448,0.0048,0.8154,-0.3374,0.0018,0.6246,-0.6243,-0.002,0.6364,-0.6368,0.0018,0.6246,-0.6243,0,0.3383,-0.8163,-0.0026,0.3444,-0.8319,0,0.3383,-0.8163,-0.0007,0,-0.8838,-0.0026,-0.3444,-0.8319,-0.0028,0,-0.9004,-0.0007,0,-0.8838,-0.002,-0.6364,-0.6368,-0.0026,-0.3444,-0.8319,0,-0.3383,-0.8163,-0.0011,-0.8315,-0.3448,-0.002,-0.6364,-0.6368,0.0018,-0.6246,-0.6243,0.3443,0.8315,-0.0015,0.3368,0.8154,-0.0073,0.0064,0.8823,-0.007,-0.0011,0.8315,-0.3448,-0.0001,0.9,-0.0004,0.0064,0.8823,-0.007,-0.0011,-0.8315,-0.3448,0.0048,-0.8154,-0.3374,0.0064,-0.8823,-0.007,-0.0008,-0.3444,0.8348,0.5877,-0.3444,0.5925,0.4501,-0.6364,0.4542,-0.0008,0.3444,0.8348,0.5877,0.3444,0.5925,0.636,0,0.641,-0.0003,0.6364,0.6397,0.0003,0.8315,0.3477,0.244,0.8315,0.2473,-0.0003,-0.6364,0.6397,0.4501,-0.6364,0.4542,0.244,-0.8315,0.2473,-0.0009,0,0.9033,0.636,0,0.641,0.5877,-0.3444,0.5925,-0.0003,0.6364,0.6397,0.4501,0.6364,0.4542,0.5877,0.3444,0.5925,0.4501,-0.6364,0.4542,0.5877,-0.3444,0.5925,0.8325,-0.3444,0.0051,0.636,0,0.641,0.5877,0.3444,0.5925,0.8325,0.3444,0.0051,0.244,0.8315,0.2473,0.3454,0.8315,0.004,0.6374,0.6364,0.0046,0.4501,-0.6364,0.4542,0.6374,-0.6364,0.0046,0.3454,-0.8315,0.004,0.636,0,0.641,0.901,0,0.0052,0.8325,-0.3444,0.0051,0.4501,0.6364,0.4542,0.6374,0.6364,0.0046,0.8325,0.3444,0.0051,0.0003,0.8315,0.3477,0.001,0.9,0.0033,0.244,0.8315,0.2473,0.001,-0.9,0.0033,0.0003,-0.8315,0.3477,0.244,-0.8315,0.2473,0.244,0.8315,0.2473,0.001,0.9,0.0033,0.3454,0.8315,0.004,0.001,-0.9,0.0033,0.244,-0.8315,0.2473,0.3454,-0.8315,0.004,0.5759,-0.3378,0.5806,0.0018,-0.3383,0.8191,0.0035,-0.6246,0.6271,0.6233,0,0.6283,0.5759,0.3378,0.5806,0.0018,0.3383,0.8191,0.4408,0.6241,0.4449,0.2387,0.8152,0.2419,0.0062,0.8154,0.3402,0.4408,-0.6241,0.4449,0.0035,-0.6246,0.6271,0.0062,-0.8154,0.3402,0.6233,0,0.6283,0.0012,0,0.8866,0.0018,-0.3383,0.8191,0.5759,0.3378,0.5806,0.4408,0.6241,0.4449,0.0035,0.6246,0.6271,0.6248,-0.6246,0.0084,0.8169,-0.3383,0.0076,0.5759,-0.3378,0.5806,0.8169,0.3383,0.0076,0.5759,0.3378,0.5806,0.6233,0,0.6283,0.3379,0.8154,0.0099,0.2387,0.8152,0.2419,0.4408,0.6241,0.4449,0.3379,-0.8154,0.0099,0.6248,-0.6246,0.0084,0.4408,-0.6241,0.4449,0.8169,-0.3383,0.0076,0.8844,0,0.0073,0.6233,0,0.6283,0.6248,0.6246,0.0084,0.4408,0.6241,0.4449,0.5759,0.3378,0.5806,0.2387,0.8152,0.2419,0.0075,0.8823,0.0098,0.0062,0.8154,0.3402,0.2387,-0.8152,0.2419,0.0062,-0.8154,0.3402,0.0075,-0.8823,0.0098,0.3379,0.8154,0.0099,0.0075,0.8823,0.0098,0.2387,0.8152,0.2419,0.3379,-0.8154,0.0099,0.2387,-0.8152,0.2419,0.0075,-0.8823,0.0098,0.0003,0.8315,0.3477,-0.0003,0.6364,0.6397,0.0035,0.6246,0.6271,-0.0003,0.6364,0.6397,-0.0008,0.3444,0.8348,0.0018,0.3383,0.8191,-0.0008,0.3444,0.8348,-0.0009,0,0.9033,0.0012,0,0.8866,-0.0008,-0.3444,0.8348,0.0018,-0.3383,0.8191,0.0012,0,0.8866,-0.0003,-0.6364,0.6397,0.0035,-0.6246,0.6271,0.0018,-0.3383,0.8191,0.0003,-0.8315,0.3477,0.0062,-0.8154,0.3402,0.0035,-0.6246,0.6271,0.3454,0.8315,0.004,0.3379,0.8154,0.0099,0.6248,0.6246,0.0084,0.6374,0.6364,0.0046,0.6248,0.6246,0.0084,0.8169,0.3383,0.0076,0.8325,0.3444,0.0051,0.8169,0.3383,0.0076,0.8844,0,0.0073,0.8325,-0.3444,0.0051,0.901,0,0.0052,0.8844,0,0.0073,0.6374,-0.6364,0.0046,0.8325,-0.3444,0.0051,0.8169,-0.3383,0.0076,0.3454,-0.8315,0.004,0.6374,-0.6364,0.0046,0.6248,-0.6246,0.0084,0.3454,-0.8315,0.004,0.3379,-0.8154,0.0099,0.0075,-0.8823,0.0098,0.0003,0.8315,0.3477,0.0062,0.8154,0.3402,0.0075,0.8823,0.0098,0.0003,-0.8315,0.3477,0.001,-0.9,0.0033,0.0075,-0.8823,0.0098,0.3454,0.8315,0.004,0.001,0.9,0.0033,0.0075,0.8823,0.0098,-0.4664,0,0.7343,0.2004,0,0.5524,0.2004,-0.3906,0.3906,0.2004,-0.3906,0.3906,0.2004,-0.5524,0,-0.4664,-0.7343,0,0.2004,-0.5524,0,0.2004,-0.3906,-0.3906,-0.4664,-0.5192,-0.5192,0.2004,-0.3906,-0.3906,0.2004,0,-0.5524,-0.4664,0,-0.7343,0.2004,0,-0.5524,0.2004,0.3906,-0.3906,-0.4664,0.5192,-0.5192,0.2004,0.3906,-0.3906,0.2004,0.5524,0,-0.4664,0.7343,0,0.2004,0,-0.5524,0.2004,-0.3906,-0.3906,0.2642,-0.2818,-0.2818,0.2004,0.3906,0.3906,0.2004,0,0.5524,-0.4664,0,0.7343,0.2004,0.5524,0,0.2004,0.3906,0.3906,-0.4664,0.5192,0.5192,-0.4664,-0.5192,-0.5192,-0.4664,0.7343,0,-0.4664,0.5192,0.5192,0.2642,0.2818,0.2818,0.3271,0.2685,0.2685,0.3271,0,0.3797,0.2004,0.3906,0.3906,0.2004,0.5524,0,0.2642,0.3986,0,0.2004,-0.5524,0,0.2004,-0.3906,0.3906,0.2642,-0.2818,0.2818,0.2004,0,-0.5524,0.2642,0,-0.3986,0.2642,0.2818,-0.2818,0.2004,0,0.5524,0.2004,0.3906,0.3906,0.2642,0.2818,0.2818,0.2004,0,0.5524,0.2642,0,0.3986,0.2642,-0.2818,0.2818,0.2004,-0.5524,0,0.2642,-0.3986,0,0.2642,-0.2818,-0.2818,0.2004,0.3906,-0.3906,0.2642,0.2818,-0.2818,0.2642,0.3986,0,0.3271,0,-0.3797,0.3827,0,-0.4526,0.3827,0.32,-0.32,0.2642,0.2818,-0.2818,0.3271,0.2685,-0.2685,0.3271,0.3797,0,0.2642,-0.2818,-0.2818,0.3271,-0.2685,-0.2685,0.3271,0,-0.3797,0.2642,-0.2818,0.2818,0.3271,-0.2685,0.2685,0.3271,-0.3797,0,0.2642,0.2818,0.2818,0.2642,0.3986,0,0.3271,0.3797,0,0.2642,0,-0.3986,0.3271,0,-0.3797,0.3271,0.2685,-0.2685,0.2642,-0.3986,0,0.3271,-0.3797,0,0.3271,-0.2685,-0.2685,0.2642,0,0.3986,0.3271,0,0.3797,0.3271,-0.2685,0.2685,0.3827,0.32,0.32,0.3827,0.4526,0,0.4458,0.4526,0,0.3271,-0.2685,-0.2685,0.3271,-0.3797,0,0.3827,-0.4526,0,0.3271,0,0.3797,0.3827,0,0.4526,0.3827,-0.32,0.32,0.3271,0.2685,0.2685,0.3827,0.32,0.32,0.3827,0,0.4526,0.3271,0.2685,-0.2685,0.3827,0.32,-0.32,0.3827,0.4526,0,0.3271,-0.2685,-0.2685,0.3827,-0.32,-0.32,0.3827,0,-0.4526,0.3271,-0.2685,0.2685,0.3827,-0.32,0.32,0.3827,-0.4526,0,0.3271,0.2685,0.2685,0.3271,0.3797,0,0.3827,0.4526,0,0.4458,0.32,-0.32,0.5035,0.249,-0.249,0.5035,0.3521,0,0.3827,0,-0.4526,0.4458,0,-0.4526,0.4458,0.32,-0.32,0.3827,-0.32,-0.32,0.3827,-0.4526,0,0.4458,-0.4526,0,0.3827,0,0.4526,0.4458,0,0.4526,0.4458,-0.32,0.32,0.3827,0,0.4526,0.3827,0.32,0.32,0.4458,0.32,0.32,0.3827,0.32,-0.32,0.4458,0.32,-0.32,0.4458,0.4526,0,0.3827,-0.32,-0.32,0.4458,-0.32,-0.32,0.4458,0,-0.4526,0.3827,-0.32,0.32,0.4458,-0.32,0.32,0.4458,-0.4526,0,0.5035,-0.249,0.249,0.5035,0,0.3521,0.5309,0,0.3159,0.4458,-0.32,-0.32,0.5035,-0.249,-0.249,0.5035,0,-0.3521,0.4458,-0.4526,0,0.4458,-0.32,0.32,0.5035,-0.249,0.249,0.4458,0.4526,0,0.5035,0.3521,0,0.5035,0.249,0.249,0.4458,0.32,-0.32,0.4458,0,-0.4526,0.5035,0,-0.3521,0.4458,-0.4526,0,0.5035,-0.3521,0,0.5035,-0.249,-0.249,0.4458,0,0.4526,0.5035,0,0.3521,0.5035,-0.249,0.249,0.4458,0,0.4526,0.4458,0.32,0.32,0.5035,0.249,0.249,0.5309,0.3159,0,0.5845,0.3284,0,0.5845,0.2322,0.2322,0.5035,0.249,0.249,0.5309,0.2234,0.2234,0.5309,0,0.3159,0.5035,0.249,-0.249,0.5309,0.2234,-0.2234,0.5309,0.3159,0,0.5035,-0.249,-0.249,0.5309,-0.2234,-0.2234,0.5309,0,-0.3159,0.5035,-0.249,0.249,0.5309,-0.2234,0.2234,0.5309,-0.3159,0,0.5035,0.3521,0,0.5309,0.3159,0,0.5309,0.2234,0.2234,0.5035,0,-0.3521,0.5309,0,-0.3159,0.5309,0.2234,-0.2234,0.5035,-0.3521,0,0.5309,-0.3159,0,0.5309,-0.2234,-0.2234,0.5845,-0.2322,0.2322,0.6537,-0.2322,0.2322,0.6537,-0.3284,0,0.5309,0,-0.3159,0.5845,0,-0.3284,0.5845,0.2322,-0.2322,0.5309,-0.2234,-0.2234,0.5309,-0.3159,0,0.5845,-0.3284,0,0.5309,-0.2234,0.2234,0.5309,0,0.3159,0.5845,0,0.3284,0.5309,0.2234,0.2234,0.5845,0.2322,0.2322,0.5845,0,0.3284,0.5309,0.3159,0,0.5309,0.2234,-0.2234,0.5845,0.2322,-0.2322,0.5309,0,-0.3159,0.5309,-0.2234,-0.2234,0.5845,-0.2322,-0.2322,0.5309,-0.3159,0,0.5309,-0.2234,0.2234,0.5845,-0.2322,0.2322,0.6537,0,0.3284,0.6537,0.2322,0.2322,0.6945,0.2142,0.2142,0.5845,0.2322,0.2322,0.5845,0.3284,0,0.6537,0.3284,0,0.5845,0,-0.3284,0.6537,0,-0.3284,0.6537,0.2322,-0.2322,0.5845,-0.2322,-0.2322,0.5845,-0.3284,0,0.6537,-0.3284,0,0.5845,-0.2322,0.2322,0.5845,0,0.3284,0.6537,0,0.3284,0.5845,0.2322,0.2322,0.6537,0.2322,0.2322,0.6537,0,0.3284,0.5845,0.2322,-0.2322,0.6537,0.2322,-0.2322,0.6537,0.3284,0,0.5845,-0.2322,-0.2322,0.6537,-0.2322,-0.2322,0.6537,0,-0.3284,0.6945,0.2142,-0.2142,0.6945,0,-0.303,0.6946,0,-0.2565,0.6537,0.3284,0,0.6537,0.2322,-0.2322,0.6945,0.2142,-0.2142,0.6537,-0.2322,-0.2322,0.6945,-0.2142,-0.2142,0.6945,0,-0.303,0.6537,-0.3284,0,0.6537,-0.2322,0.2322,0.6945,-0.2142,0.2142,0.6537,0.3284,0,0.6945,0.303,0,0.6945,0.2142,0.2142,0.6537,0,-0.3284,0.6945,0,-0.303,0.6945,0.2142,-0.2142,0.6537,-0.2322,-0.2322,0.6537,-0.3284,0,0.6945,-0.303,0,0.6537,0,0.3284,0.6945,0,0.303,0.6945,-0.2142,0.2142,0.6946,0.2565,0,0.3263,0.1544,0,0.3263,0.1091,0.1091,0.6945,-0.303,0,0.6946,-0.2565,0,0.6946,-0.1814,-0.1814,0.6945,0,0.303,0.6946,0,0.2565,0.6946,-0.1814,0.1814,0.6945,0.2142,0.2142,0.6946,0.1814,0.1814,0.6946,0,0.2565,0.6945,0.303,0,0.6945,0.2142,-0.2142,0.6946,0.1814,-0.1814,0.6945,-0.2142,-0.2142,0.6946,-0.1814,-0.1814,0.6946,0,-0.2565,0.6945,-0.2142,0.2142,0.6946,-0.1814,0.1814,0.6946,-0.2565,0,0.6945,0.303,0,0.6946,0.2565,0,0.6946,0.1814,0.1814,0.3263,0.1091,-0.1091,0.3263,0,-0.1544,0.3263,-0.1544,0,0.6946,0,-0.2565,0.3263,0,-0.1544,0.3263,0.1091,-0.1091,0.6946,-0.2565,0,0.3263,-0.1544,0,0.3263,-0.1091,-0.1091,0.6946,0,0.2565,0.3263,0,0.1544,0.3263,-0.1091,0.1091,0.6946,0,0.2565,0.6946,0.1814,0.1814,0.3263,0.1091,0.1091,0.6946,0.1814,-0.1814,0.3263,0.1091,-0.1091,0.3263,0.1544,0,0.6946,0,-0.2565,0.6946,-0.1814,-0.1814,0.3263,-0.1091,-0.1091,0.6946,-0.1814,0.1814,0.3263,-0.1091,0.1091,0.3263,-0.1544,0,-0.9008,0.3731,0,-0.637,0.3731,0.6369,-0.6894,0,0.6894,-0.3731,0.9008,0,-0.2638,0.9008,0.2638,-0.4875,0.6894,0.4875,-0.6894,-0.6894,0,-0.4875,-0.6894,0.4875,-0.2638,-0.9008,0.2638,-0.9008,-0.3731,0,-0.975,0,0,-0.6894,0,0.6894,-0.6894,0.6894,0,-0.4875,0.6894,0.4875,-0.637,0.3731,0.6369,-0.6894,-0.6894,0,-0.9008,-0.3731,0,-0.637,-0.3731,0.6369,-0.2638,-0.9008,0.2638,-0.4875,-0.6894,0.4875,0,-0.6894,0.6894,-0.637,-0.3731,0.6369,-0.6894,0,0.6894,0,0,0.975,-0.4875,0.6894,0.4875,0,0.6894,0.6894,0,0.3731,0.9008,-0.637,-0.3731,0.6369,0,-0.3731,0.9008,0,-0.6894,0.6894,-0.637,0.3731,0.6369,0,0.3731,0.9008,0,0,0.975,-0.2638,0.9008,0.2638,0,0.9008,0.3731,0,0.6894,0.6894,0,-0.3731,-0.9008,-0.6369,-0.3731,-0.6369,-0.4875,-0.6894,-0.4875,0,0.3731,-0.9008,-0.6369,0.3731,-0.6369,-0.6894,0,-0.6894,0,0.9008,-0.3731,-0.2638,0.9008,-0.2638,-0.4875,0.6894,-0.4875,0,-0.9008,-0.3731,0,-0.6894,-0.6894,-0.4875,-0.6894,-0.4875,0,0,-0.975,-0.6894,0,-0.6894,-0.6369,-0.3731,-0.6369,0,0.3731,-0.9008,0,0.6894,-0.6894,-0.4875,0.6894,-0.4875,-0.3731,0.9008,0,0,0.975,0,-0.2638,0.9008,0.2638,0,-0.975,0,-0.3731,-0.9008,0,-0.2638,-0.9008,0.2638,-0.2638,0.9008,0.2638,0,0.975,0,0,0.9008,0.3731,0,-0.975,0,-0.2638,-0.9008,0.2638,0,-0.9008,0.3731,0,-0.975,0,0,-0.9008,-0.3731,-0.2638,-0.9008,-0.2638,0,0.9008,-0.3731,0,0.975,0,-0.2638,0.9008,-0.2638,-0.6369,0.3731,-0.6369,-0.9008,0.3731,0,-0.975,0,0,-0.2638,0.9008,-0.2638,-0.3731,0.9008,0,-0.6894,0.6894,0,-0.4875,-0.6894,-0.4875,-0.6894,-0.6894,0,-0.3731,-0.9008,0,-0.6894,0,-0.6894,-0.975,0,0,-0.9008,-0.3731,0,-0.4875,0.6894,-0.4875,-0.6894,0.6894,0,-0.9008,0.3731,0,-0.2638,0.9008,-0.2638,0,0.975,0,-0.3731,0.9008,0,0,-0.975,0,-0.2638,-0.9008,-0.2638,-0.3731,-0.9008,0,-0.6369,-0.3731,-0.6369,-0.9008,-0.3731,0,-0.6894,-0.6894,0,-0.563,0.3227,0.5504,-0.791,0.3227,0,-0.8552,0,0,-0.4337,0.5962,0.421,-0.2401,0.7788,0.2275,-0.3344,0.7788,0,-0.4337,-0.5962,0.421,-0.6081,-0.5962,0,-0.3344,-0.7788,0,-0.563,-0.3227,0.5504,-0.6084,0,0.5958,-0.8552,0,0,-0.4337,0.5962,0.421,-0.6081,0.5962,0,-0.791,0.3227,0,-0.4337,-0.5962,0.421,-0.563,-0.3227,0.5504,-0.791,-0.3227,0,-0.0183,-0.779,0.3219,-0.0162,-0.5967,0.596,-0.4337,-0.5962,0.421,-0.015,-0.3232,0.7794,-0.0146,0,0.8439,-0.6084,0,0.5958,-0.0162,0.5967,0.596,-0.4337,0.5962,0.421,-0.563,0.3227,0.5504,-0.0162,-0.5967,0.596,-0.015,-0.3232,0.7794,-0.563,-0.3227,0.5504,-0.015,0.3232,0.7794,-0.563,0.3227,0.5504,-0.6084,0,0.5958,-0.0183,0.779,0.3219,-0.2401,0.7788,0.2275,-0.4337,0.5962,0.421,-0.563,-0.3227,-0.5504,-0.015,-0.3232,-0.7794,-0.0162,-0.5967,-0.596,-0.6084,0,-0.5958,-0.563,0.3227,-0.5504,-0.015,0.3232,-0.7794,-0.4337,0.5962,-0.421,-0.2401,0.7788,-0.2275,-0.0183,0.779,-0.3219,-0.4337,-0.5962,-0.421,-0.0162,-0.5967,-0.596,-0.0183,-0.779,-0.3219,-0.6084,0,-0.5958,-0.0146,0,-0.8439,-0.015,-0.3232,-0.7794,-0.563,0.3227,-0.5504,-0.4337,0.5962,-0.421,-0.0162,0.5967,-0.596,-0.2401,0.7788,0.2275,-0.0188,0.8428,0,-0.3344,0.7788,0,-0.2401,-0.7788,0.2275,-0.3344,-0.7788,0,-0.0188,-0.8428,0,-0.0183,0.779,0.3219,-0.0188,0.8428,0,-0.2401,0.7788,0.2275,-0.0183,-0.779,0.3219,-0.2401,-0.7788,0.2275,-0.0188,-0.8428,0,-0.2401,-0.7788,-0.2275,-0.0183,-0.779,-0.3219,-0.0188,-0.8428,0,-0.2401,0.7788,-0.2275,-0.0188,0.8428,0,-0.0183,0.779,-0.3219,-0.791,0.3227,0,-0.563,0.3227,-0.5504,-0.6084,0,-0.5958,-0.3344,0.7788,0,-0.2401,0.7788,-0.2275,-0.4337,0.5962,-0.421,-0.3344,-0.7788,0,-0.6081,-0.5962,0,-0.4337,-0.5962,-0.421,-0.8552,0,0,-0.6084,0,-0.5958,-0.563,-0.3227,-0.5504,-0.791,0.3227,0,-0.6081,0.5962,0,-0.4337,0.5962,-0.421,-0.3344,0.7788,0,-0.0188,0.8428,0,-0.2401,0.7788,-0.2275,-0.3344,-0.7788,0,-0.2401,-0.7788,-0.2275,-0.0188,-0.8428,0,-0.791,-0.3227,0,-0.563,-0.3227,-0.5504,-0.4337,-0.5962,-0.421,0,0.9008,0.3731,-0.0183,0.779,0.3219,-0.0162,0.5967,0.596,0,0.6894,0.6894,-0.0162,0.5967,0.596,-0.015,0.3232,0.7794,0,0.3731,0.9008,-0.015,0.3232,0.7794,-0.0146,0,0.8439,0,-0.3731,0.9008,0,0,0.975,-0.0146,0,0.8439,0,-0.6894,0.6894,0,-0.3731,0.9008,-0.015,-0.3232,0.7794,0,-0.9008,0.3731,0,-0.6894,0.6894,-0.0162,-0.5967,0.596,0,0.9008,-0.3731,0,0.6894,-0.6894,-0.0162,0.5967,-0.596,0,0.6894,-0.6894,0,0.3731,-0.9008,-0.015,0.3232,-0.7794,0,0.3731,-0.9008,0,0,-0.975,-0.0146,0,-0.8439,0,-0.3731,-0.9008,-0.015,-0.3232,-0.7794,-0.0146,0,-0.8439,0,-0.6894,-0.6894,-0.0162,-0.5967,-0.596,-0.015,-0.3232,-0.7794,0,-0.9008,-0.3731,-0.0183,-0.779,-0.3219,-0.0162,-0.5967,-0.596,0,0.975,0,-0.0188,0.8428,0,-0.0183,0.779,0.3219,0,-0.975,0,0,-0.9008,0.3731,-0.0183,-0.779,0.3219,0,0.975,0,0,0.9008,-0.3731,-0.0183,0.779,-0.3219,0,-0.975,0,-0.0188,-0.8428,0,-0.0183,-0.779,-0.3219,0.3443,-0.8315,-0.0015,0.6363,-0.6364,-0.0024,0.2427,-0.8315,-0.2447,0.8314,-0.3444,-0.003,0.8999,0,-0.0032,0.5861,-0.3444,-0.5902,0.8314,0.3444,-0.003,0.6363,0.6364,-0.0024,0.5861,0.3444,-0.5902,0.6363,-0.6364,-0.0024,0.8314,-0.3444,-0.003,0.4486,-0.6364,-0.4518,0.8999,0,-0.0032,0.8314,0.3444,-0.003,0.6344,0,-0.6388,0.4486,0.6364,-0.4518,0.6363,0.6364,-0.0024,0.2427,0.8315,-0.2447,0.5861,-0.3444,-0.5902,0.6344,0,-0.6388,-0.0026,-0.3444,-0.8319,0.5861,0.3444,-0.5902,0.4486,0.6364,-0.4518,-0.0026,0.3444,-0.8319,-0.002,-0.6364,-0.6368,0.4486,-0.6364,-0.4518,-0.0026,-0.3444,-0.8319,0.6344,0,-0.6388,0.5861,0.3444,-0.5902,-0.0028,0,-0.9004,0.4486,0.6364,-0.4518,0.2427,0.8315,-0.2447,-0.002,0.6364,-0.6368,0.2427,-0.8315,-0.2447,0.4486,-0.6364,-0.4518,-0.0011,-0.8315,-0.3448,0.2374,-0.8152,-0.2393,0.4393,-0.6241,-0.4425,0.3368,-0.8154,-0.0073,0.5743,-0.3378,-0.5783,0.6217,0,-0.626,0.8158,-0.3383,-0.0054,0.8158,0.3383,-0.0054,0.5743,0.3378,-0.5783,0.6237,0.6246,-0.0061,0.4393,-0.6241,-0.4425,0.5743,-0.3378,-0.5783,0.6237,-0.6246,-0.0061,0.8833,0,-0.0052,0.6217,0,-0.626,0.8158,0.3383,-0.0054,0.6237,0.6246,-0.0061,0.4393,0.6241,-0.4425,0.3368,0.8154,-0.0073,0.5743,-0.3378,-0.5783,0,-0.3383,-0.8163,0.6217,0,-0.626,0,0.3383,-0.8163,0.0018,0.6246,-0.6243,0.5743,0.3378,-0.5783,0.4393,-0.6241,-0.4425,0.0018,-0.6246,-0.6243,0.5743,-0.3378,-0.5783,-0.0007,0,-0.8838,0,0.3383,-0.8163,0.6217,0,-0.626,0.0018,0.6246,-0.6243,0.0048,0.8154,-0.3374,0.4393,0.6241,-0.4425,0.2374,-0.8152,-0.2393,0.0048,-0.8154,-0.3374,0.4393,-0.6241,-0.4425,0.3368,0.8154,-0.0073,0.3443,0.8315,-0.0015,0.6237,0.6246,-0.0061,0.6237,0.6246,-0.0061,0.6363,0.6364,-0.0024,0.8158,0.3383,-0.0054,0.8158,0.3383,-0.0054,0.8314,0.3444,-0.003,0.8833,0,-0.0052,0.8999,0,-0.0032,0.8314,-0.3444,-0.003,0.8833,0,-0.0052,0.8314,-0.3444,-0.003,0.6363,-0.6364,-0.0024,0.8158,-0.3383,-0.0054,0.6363,-0.6364,-0.0024,0.3443,-0.8315,-0.0015,0.6237,-0.6246,-0.0061,0.3368,-0.8154,-0.0073,0.3443,-0.8315,-0.0015,0.0064,-0.8823,-0.007,-0.002,0.6364,-0.6368,-0.0011,0.8315,-0.3448,0.0018,0.6246,-0.6243,-0.0026,0.3444,-0.8319,-0.002,0.6364,-0.6368,0,0.3383,-0.8163,-0.0028,0,-0.9004,-0.0026,0.3444,-0.8319,-0.0007,0,-0.8838,0,-0.3383,-0.8163,-0.0026,-0.3444,-0.8319,-0.0007,0,-0.8838,0.0018,-0.6246,-0.6243,-0.002,-0.6364,-0.6368,0,-0.3383,-0.8163,0.0048,-0.8154,-0.3374,-0.0011,-0.8315,-0.3448,0.0018,-0.6246,-0.6243,-0.0001,0.9,-0.0004,0.3443,0.8315,-0.0015,0.0064,0.8823,-0.007,0.0048,0.8154,-0.3374,-0.0011,0.8315,-0.3448,0.0064,0.8823,-0.007,-0.0001,-0.9,-0.0004,-0.0011,-0.8315,-0.3448,0.0064,-0.8823,-0.007,-0.0003,-0.6364,0.6397,-0.0008,-0.3444,0.8348,0.4501,-0.6364,0.4542,-0.0009,0,0.9033,-0.0008,0.3444,0.8348,0.636,0,0.641,0.4501,0.6364,0.4542,-0.0003,0.6364,0.6397,0.244,0.8315,0.2473,0.0003,-0.8315,0.3477,-0.0003,-0.6364,0.6397,0.244,-0.8315,0.2473,-0.0008,-0.3444,0.8348,-0.0009,0,0.9033,0.5877,-0.3444,0.5925,-0.0008,0.3444,0.8348,-0.0003,0.6364,0.6397,0.5877,0.3444,0.5925,0.6374,-0.6364,0.0046,0.4501,-0.6364,0.4542,0.8325,-0.3444,0.0051,0.901,0,0.0052,0.636,0,0.641,0.8325,0.3444,0.0051,0.4501,0.6364,0.4542,0.244,0.8315,0.2473,0.6374,0.6364,0.0046,0.244,-0.8315,0.2473,0.4501,-0.6364,0.4542,0.3454,-0.8315,0.004,0.5877,-0.3444,0.5925,0.636,0,0.641,0.8325,-0.3444,0.0051,0.5877,0.3444,0.5925,0.4501,0.6364,0.4542,0.8325,0.3444,0.0051,0.4408,-0.6241,0.4449,0.5759,-0.3378,0.5806,0.0035,-0.6246,0.6271,0.0012,0,0.8866,0.6233,0,0.6283,0.0018,0.3383,0.8191,0.0035,0.6246,0.6271,0.4408,0.6241,0.4449,0.0062,0.8154,0.3402,0.2387,-0.8152,0.2419,0.4408,-0.6241,0.4449,0.0062,-0.8154,0.3402,0.5759,-0.3378,0.5806,0.6233,0,0.6283,0.0018,-0.3383,0.8191,0.0018,0.3383,0.8191,0.5759,0.3378,0.5806,0.0035,0.6246,0.6271,0.4408,-0.6241,0.4449,0.6248,-0.6246,0.0084,0.5759,-0.3378,0.5806,0.8844,0,0.0073,0.8169,0.3383,0.0076,0.6233,0,0.6283,0.6248,0.6246,0.0084,0.3379,0.8154,0.0099,0.4408,0.6241,0.4449,0.2387,-0.8152,0.2419,0.3379,-0.8154,0.0099,0.4408,-0.6241,0.4449,0.5759,-0.3378,0.5806,0.8169,-0.3383,0.0076,0.6233,0,0.6283,0.8169,0.3383,0.0076,0.6248,0.6246,0.0084,0.5759,0.3378,0.5806,0.0062,0.8154,0.3402,0.0003,0.8315,0.3477,0.0035,0.6246,0.6271,0.0035,0.6246,0.6271,-0.0003,0.6364,0.6397,0.0018,0.3383,0.8191,0.0018,0.3383,0.8191,-0.0008,0.3444,0.8348,0.0012,0,0.8866,-0.0009,0,0.9033,-0.0008,-0.3444,0.8348,0.0012,0,0.8866,-0.0008,-0.3444,0.8348,-0.0003,-0.6364,0.6397,0.0018,-0.3383,0.8191,-0.0003,-0.6364,0.6397,0.0003,-0.8315,0.3477,0.0035,-0.6246,0.6271,0.6374,0.6364,0.0046,0.3454,0.8315,0.004,0.6248,0.6246,0.0084,0.8325,0.3444,0.0051,0.6374,0.6364,0.0046,0.8169,0.3383,0.0076,0.901,0,0.0052,0.8325,0.3444,0.0051,0.8844,0,0.0073,0.8169,-0.3383,0.0076,0.8325,-0.3444,0.0051,0.8844,0,0.0073,0.6248,-0.6246,0.0084,0.6374,-0.6364,0.0046,0.8169,-0.3383,0.0076,0.3379,-0.8154,0.0099,0.3454,-0.8315,0.004,0.6248,-0.6246,0.0084,0.001,-0.9,0.0033,0.3454,-0.8315,0.004,0.0075,-0.8823,0.0098,0.001,0.9,0.0033,0.0003,0.8315,0.3477,0.0075,0.8823,0.0098,0.0062,-0.8154,0.3402,0.0003,-0.8315,0.3477,0.0075,-0.8823,0.0098,0.3379,0.8154,0.0099,0.3454,0.8315,0.004,0.0075,0.8823,0.0098,-0.4664,-0.5192,0.5192,-0.4664,0,0.7343,0.2004,-0.3906,0.3906,-0.4664,-0.5192,0.5192,0.2004,-0.3906,0.3906,-0.4664,-0.7343,0,-0.4664,-0.7343,0,0.2004,-0.5524,0,-0.4664,-0.5192,-0.5192,-0.4664,-0.5192,-0.5192,0.2004,-0.3906,-0.3906,-0.4664,0,-0.7343,-0.4664,0,-0.7343,0.2004,0,-0.5524,-0.4664,0.5192,-0.5192,-0.4664,0.5192,-0.5192,0.2004,0.3906,-0.3906,-0.4664,0.7343,0,0.2642,0,-0.3986,0.2004,0,-0.5524,0.2642,-0.2818,-0.2818,-0.4664,0.5192,0.5192,0.2004,0.3906,0.3906,-0.4664,0,0.7343,-0.4664,0.7343,0,0.2004,0.5524,0,-0.4664,0.5192,0.5192,-0.4664,0.5192,0.5192,-0.4664,0,0.7343,-0.4664,-0.5192,0.5192,-0.4664,-0.5192,0.5192,-0.4664,-0.7343,0,-0.4664,-0.5192,-0.5192,-0.4664,-0.5192,-0.5192,-0.4664,0,-0.7343,-0.4664,0.5192,-0.5192,-0.4664,0.5192,-0.5192,-0.4664,0.7343,0,-0.4664,-0.5192,-0.5192,-0.4664,0.5192,0.5192,-0.4664,-0.5192,0.5192,-0.4664,-0.5192,-0.5192,0.2642,0,0.3986,0.2642,0.2818,0.2818,0.3271,0,0.3797,0.2642,0.2818,0.2818,0.2004,0.3906,0.3906,0.2642,0.3986,0,0.2642,-0.3986,0,0.2004,-0.5524,0,0.2642,-0.2818,0.2818,0.2004,0.3906,-0.3906,0.2004,0,-0.5524,0.2642,0.2818,-0.2818,0.2642,0,0.3986,0.2004,0,0.5524,0.2642,0.2818,0.2818,0.2004,-0.3906,0.3906,0.2004,0,0.5524,0.2642,-0.2818,0.2818,0.2004,-0.3906,-0.3906,0.2004,-0.5524,0,0.2642,-0.2818,-0.2818,0.2004,0.5524,0,0.2004,0.3906,-0.3906,0.2642,0.3986,0,0.3271,0.2685,-0.2685,0.3271,0,-0.3797,0.3827,0.32,-0.32,0.2642,0.3986,0,0.2642,0.2818,-0.2818,0.3271,0.3797,0,0.2642,0,-0.3986,0.2642,-0.2818,-0.2818,0.3271,0,-0.3797,0.2642,-0.3986,0,0.2642,-0.2818,0.2818,0.3271,-0.3797,0,0.3271,0.2685,0.2685,0.2642,0.2818,0.2818,0.3271,0.3797,0,0.2642,0.2818,-0.2818,0.2642,0,-0.3986,0.3271,0.2685,-0.2685,0.2642,-0.2818,-0.2818,0.2642,-0.3986,0,0.3271,-0.2685,-0.2685,0.2642,-0.2818,0.2818,0.2642,0,0.3986,0.3271,-0.2685,0.2685,0.4458,0.32,0.32,0.3827,0.32,0.32,0.4458,0.4526,0,0.3827,-0.32,-0.32,0.3271,-0.2685,-0.2685,0.3827,-0.4526,0,0.3271,-0.2685,0.2685,0.3271,0,0.3797,0.3827,-0.32,0.32,0.3271,0,0.3797,0.3271,0.2685,0.2685,0.3827,0,0.4526,0.3271,0.3797,0,0.3271,0.2685,-0.2685,0.3827,0.4526,0,0.3271,0,-0.3797,0.3271,-0.2685,-0.2685,0.3827,0,-0.4526,0.3271,-0.3797,0,0.3271,-0.2685,0.2685,0.3827,-0.4526,0,0.3827,0.32,0.32,0.3271,0.2685,0.2685,0.3827,0.4526,0,0.4458,0.4526,0,0.4458,0.32,-0.32,0.5035,0.3521,0,0.3827,0.32,-0.32,0.3827,0,-0.4526,0.4458,0.32,-0.32,0.4458,-0.32,-0.32,0.3827,-0.32,-0.32,0.4458,-0.4526,0,0.3827,-0.32,0.32,0.3827,0,0.4526,0.4458,-0.32,0.32,0.4458,0,0.4526,0.3827,0,0.4526,0.4458,0.32,0.32,0.3827,0.4526,0,0.3827,0.32,-0.32,0.4458,0.4526,0,0.3827,0,-0.4526,0.3827,-0.32,-0.32,0.4458,0,-0.4526,0.3827,-0.4526,0,0.3827,-0.32,0.32,0.4458,-0.4526,0,0.5309,-0.2234,0.2234,0.5035,-0.249,0.249,0.5309,0,0.3159,0.4458,0,-0.4526,0.4458,-0.32,-0.32,0.5035,0,-0.3521,0.5035,-0.3521,0,0.4458,-0.4526,0,0.5035,-0.249,0.249,0.4458,0.32,0.32,0.4458,0.4526,0,0.5035,0.249,0.249,0.5035,0.249,-0.249,0.4458,0.32,-0.32,0.5035,0,-0.3521,0.4458,-0.32,-0.32,0.4458,-0.4526,0,0.5035,-0.249,-0.249,0.4458,-0.32,0.32,0.4458,0,0.4526,0.5035,-0.249,0.249,0.5035,0,0.3521,0.4458,0,0.4526,0.5035,0.249,0.249,0.5309,0.2234,0.2234,0.5309,0.3159,0,0.5845,0.2322,0.2322,0.5035,0,0.3521,0.5035,0.249,0.249,0.5309,0,0.3159,0.5035,0.3521,0,0.5035,0.249,-0.249,0.5309,0.3159,0,0.5035,0,-0.3521,0.5035,-0.249,-0.249,0.5309,0,-0.3159,0.5035,-0.3521,0,0.5035,-0.249,0.249,0.5309,-0.3159,0,0.5035,0.249,0.249,0.5035,0.3521,0,0.5309,0.2234,0.2234,0.5035,0.249,-0.249,0.5035,0,-0.3521,0.5309,0.2234,-0.2234,0.5035,-0.249,-0.249,0.5035,-0.3521,0,0.5309,-0.2234,-0.2234,0.5845,-0.3284,0,0.5845,-0.2322,0.2322,0.6537,-0.3284,0,0.5309,0.2234,-0.2234,0.5309,0,-0.3159,0.5845,0.2322,-0.2322,0.5845,-0.2322,-0.2322,0.5309,-0.2234,-0.2234,0.5845,-0.3284,0,0.5845,-0.2322,0.2322,0.5309,-0.2234,0.2234,0.5845,0,0.3284,0.5309,0,0.3159,0.5309,0.2234,0.2234,0.5845,0,0.3284,0.5845,0.3284,0,0.5309,0.3159,0,0.5845,0.2322,-0.2322,0.5845,0,-0.3284,0.5309,0,-0.3159,0.5845,-0.2322,-0.2322,0.5845,-0.3284,0,0.5309,-0.3159,0,0.5845,-0.2322,0.2322,0.6945,0,0.303,0.6537,0,0.3284,0.6945,0.2142,0.2142,0.6537,0.2322,0.2322,0.5845,0.2322,0.2322,0.6537,0.3284,0,0.5845,0.2322,-0.2322,0.5845,0,-0.3284,0.6537,0.2322,-0.2322,0.6537,-0.2322,-0.2322,0.5845,-0.2322,-0.2322,0.6537,-0.3284,0,0.6537,-0.2322,0.2322,0.5845,-0.2322,0.2322,0.6537,0,0.3284,0.5845,0,0.3284,0.5845,0.2322,0.2322,0.6537,0,0.3284,0.5845,0.3284,0,0.5845,0.2322,-0.2322,0.6537,0.3284,0,0.5845,0,-0.3284,0.5845,-0.2322,-0.2322,0.6537,0,-0.3284,0.6946,0.1814,-0.1814,0.6945,0.2142,-0.2142,0.6946,0,-0.2565,0.6945,0.303,0,0.6537,0.3284,0,0.6945,0.2142,-0.2142,0.6537,0,-0.3284,0.6537,-0.2322,-0.2322,0.6945,0,-0.303,0.6945,-0.303,0,0.6537,-0.3284,0,0.6945,-0.2142,0.2142,0.6537,0.2322,0.2322,0.6537,0.3284,0,0.6945,0.2142,0.2142,0.6537,0.2322,-0.2322,0.6537,0,-0.3284,0.6945,0.2142,-0.2142,0.6945,-0.2142,-0.2142,0.6537,-0.2322,-0.2322,0.6945,-0.303,0,0.6537,-0.2322,0.2322,0.6537,0,0.3284,0.6945,-0.2142,0.2142,0.6946,0.1814,0.1814,0.6946,0.2565,0,0.3263,0.1091,0.1091,0.6945,-0.2142,-0.2142,0.6945,-0.303,0,0.6946,-0.1814,-0.1814,0.6945,-0.2142,0.2142,0.6945,0,0.303,0.6946,-0.1814,0.1814,0.6945,0,0.303,0.6945,0.2142,0.2142,0.6946,0,0.2565,0.6946,0.2565,0,0.6945,0.303,0,0.6946,0.1814,-0.1814,0.6945,0,-0.303,0.6945,-0.2142,-0.2142,0.6946,0,-0.2565,0.6945,-0.303,0,0.6945,-0.2142,0.2142,0.6946,-0.2565,0,0.6945,0.2142,0.2142,0.6945,0.303,0,0.6946,0.1814,0.1814,0.3263,-0.1544,0,0.3263,-0.1091,0.1091,0.3263,0,0.1544,0.3263,0,0.1544,0.3263,0.1091,0.1091,0.3263,-0.1544,0,0.3263,0.1544,0,0.3263,0.1091,-0.1091,0.3263,-0.1544,0,0.3263,0,-0.1544,0.3263,-0.1091,-0.1091,0.3263,-0.1544,0,0.3263,-0.1544,0,0.3263,0.1091,0.1091,0.3263,0.1544,0,0.6946,0.1814,-0.1814,0.6946,0,-0.2565,0.3263,0.1091,-0.1091,0.6946,-0.1814,-0.1814,0.6946,-0.2565,0,0.3263,-0.1091,-0.1091,0.6946,-0.1814,0.1814,0.6946,0,0.2565,0.3263,-0.1091,0.1091,0.3263,0,0.1544,0.6946,0,0.2565,0.3263,0.1091,0.1091,0.6946,0.2565,0,0.6946,0.1814,-0.1814,0.3263,0.1544,0,0.3263,0,-0.1544,0.6946,0,-0.2565,0.3263,-0.1091,-0.1091,0.6946,-0.2565,0,0.6946,-0.1814,0.1814,0.3263,-0.1544,0,-0.975,0,0,-0.9008,0.3731,0,-0.6894,0,0.6894,-0.6894,0.6894,0,-0.3731,0.9008,0,-0.4875,0.6894,0.4875,-0.3731,-0.9008,0,-0.6894,-0.6894,0,-0.2638,-0.9008,0.2638,-0.637,-0.3731,0.6369,-0.9008,-0.3731,0,-0.6894,0,0.6894,-0.9008,0.3731,0,-0.6894,0.6894,0,-0.637,0.3731,0.6369,-0.4875,-0.6894,0.4875,-0.6894,-0.6894,0,-0.637,-0.3731,0.6369,0,-0.9008,0.3731,-0.2638,-0.9008,0.2638,0,-0.6894,0.6894,0,-0.3731,0.9008,-0.637,-0.3731,0.6369,0,0,0.975,-0.637,0.3731,0.6369,-0.4875,0.6894,0.4875,0,0.3731,0.9008,-0.4875,-0.6894,0.4875,-0.637,-0.3731,0.6369,0,-0.6894,0.6894,-0.6894,0,0.6894,-0.637,0.3731,0.6369,0,0,0.975,-0.4875,0.6894,0.4875,-0.2638,0.9008,0.2638,0,0.6894,0.6894,0,-0.6894,-0.6894,0,-0.3731,-0.9008,-0.4875,-0.6894,-0.4875,0,0,-0.975,0,0.3731,-0.9008,-0.6894,0,-0.6894,0,0.6894,-0.6894,0,0.9008,-0.3731,-0.4875,0.6894,-0.4875,-0.2638,-0.9008,-0.2638,0,-0.9008,-0.3731,-0.4875,-0.6894,-0.4875,0,-0.3731,-0.9008,0,0,-0.975,-0.6369,-0.3731,-0.6369,-0.6369,0.3731,-0.6369,0,0.3731,-0.9008,-0.4875,0.6894,-0.4875,-0.6894,0,-0.6894,-0.6369,0.3731,-0.6369,-0.975,0,0,-0.4875,0.6894,-0.4875,-0.2638,0.9008,-0.2638,-0.6894,0.6894,0,-0.2638,-0.9008,-0.2638,-0.4875,-0.6894,-0.4875,-0.3731,-0.9008,0,-0.6369,-0.3731,-0.6369,-0.6894,0,-0.6894,-0.9008,-0.3731,0,-0.6369,0.3731,-0.6369,-0.4875,0.6894,-0.4875,-0.9008,0.3731,0,-0.4875,-0.6894,-0.4875,-0.6369,-0.3731,-0.6369,-0.6894,-0.6894,0,-0.6084,0,0.5958,-0.563,0.3227,0.5504,-0.8552,0,0,-0.6081,0.5962,0,-0.4337,0.5962,0.421,-0.3344,0.7788,0,-0.2401,-0.7788,0.2275,-0.4337,-0.5962,0.421,-0.3344,-0.7788,0,-0.791,-0.3227,0,-0.563,-0.3227,0.5504,-0.8552,0,0,-0.563,0.3227,0.5504,-0.4337,0.5962,0.421,-0.791,0.3227,0,-0.6081,-0.5962,0,-0.4337,-0.5962,0.421,-0.791,-0.3227,0,-0.2401,-0.7788,0.2275,-0.0183,-0.779,0.3219,-0.4337,-0.5962,0.421,-0.563,-0.3227,0.5504,-0.015,-0.3232,0.7794,-0.6084,0,0.5958,-0.015,0.3232,0.7794,-0.0162,0.5967,0.596,-0.563,0.3227,0.5504,-0.4337,-0.5962,0.421,-0.0162,-0.5967,0.596,-0.563,-0.3227,0.5504,-0.0146,0,0.8439,-0.015,0.3232,0.7794,-0.6084,0,0.5958,-0.0162,0.5967,0.596,-0.0183,0.779,0.3219,-0.4337,0.5962,0.421,-0.4337,-0.5962,-0.421,-0.563,-0.3227,-0.5504,-0.0162,-0.5967,-0.596,-0.0146,0,-0.8439,-0.6084,0,-0.5958,-0.015,0.3232,-0.7794,-0.0162,0.5967,-0.596,-0.4337,0.5962,-0.421,-0.0183,0.779,-0.3219,-0.2401,-0.7788,-0.2275,-0.4337,-0.5962,-0.421,-0.0183,-0.779,-0.3219,-0.563,-0.3227,-0.5504,-0.6084,0,-0.5958,-0.015,-0.3232,-0.7794,-0.015,0.3232,-0.7794,-0.563,0.3227,-0.5504,-0.0162,0.5967,-0.596,-0.8552,0,0,-0.791,0.3227,0,-0.6084,0,-0.5958,-0.6081,0.5962,0,-0.3344,0.7788,0,-0.4337,0.5962,-0.421,-0.2401,-0.7788,-0.2275,-0.3344,-0.7788,0,-0.4337,-0.5962,-0.421,-0.791,-0.3227,0,-0.8552,0,0,-0.563,-0.3227,-0.5504,-0.563,0.3227,-0.5504,-0.791,0.3227,0,-0.4337,0.5962,-0.421,-0.6081,-0.5962,0,-0.791,-0.3227,0,-0.4337,-0.5962,-0.421,0,0.6894,0.6894,0,0.9008,0.3731,-0.0162,0.5967,0.596,0,0.3731,0.9008,0,0.6894,0.6894,-0.015,0.3232,0.7794,0,0,0.975,0,0.3731,0.9008,-0.0146,0,0.8439,-0.015,-0.3232,0.7794,0,-0.3731,0.9008,-0.0146,0,0.8439,-0.0162,-0.5967,0.596,0,-0.6894,0.6894,-0.015,-0.3232,0.7794,-0.0183,-0.779,0.3219,0,-0.9008,0.3731,-0.0162,-0.5967,0.596,-0.0183,0.779,-0.3219,0,0.9008,-0.3731,-0.0162,0.5967,-0.596,-0.0162,0.5967,-0.596,0,0.6894,-0.6894,-0.015,0.3232,-0.7794,-0.015,0.3232,-0.7794,0,0.3731,-0.9008,-0.0146,0,-0.8439,0,0,-0.975,0,-0.3731,-0.9008,-0.0146,0,-0.8439,0,-0.3731,-0.9008,0,-0.6894,-0.6894,-0.015,-0.3232,-0.7794,0,-0.6894,-0.6894,0,-0.9008,-0.3731,-0.0162,-0.5967,-0.596,0,0.9008,0.3731,0,0.975,0,-0.0183,0.779,0.3219,-0.0188,-0.8428,0,0,-0.975,0,-0.0183,-0.779,0.3219,-0.0188,0.8428,0,0,0.975,0,-0.0183,0.779,-0.3219,0,-0.9008,-0.3731,0,-0.975,0,-0.0183,-0.779,-0.3219]
